    25 	0.432000 	0.113000 	0.110000 	0.000000 	0.345000
    26 	0.438000 	0.127000 	0.096000 	0.000000 	0.339000
    27 	0.439000 	0.120000 	0.104000 	0.000000 	0.337000
    28 	0.444000 	0.120000 	0.100000 	0.000000 	0.336000
    29 	0.436000 	0.116000 	0.105000 	0.000000 	0.343000
    30 	0.448000 	0.113000 	0.102000 	0.000000 	0.337000
    31 	0.433000 	0.108000 	0.098000 	0.000000 	0.361000
    32 	0.430000 	0.112000 	0.106000 	0.000000 	0.352000
    33 	0.429000 	0.114000 	0.113000 	0.000000 	0.344000
    34 	0.442000 	0.117000 	0.113000 	0.000000 	0.328000
    35 	0.437000 	0.108000 	0.112000 	0.000000 	0.343000
    36 	0.443000 	0.113000 	0.103000 	0.000000 	0.341000
    37 	0.451000 	0.104000 	0.101000 	0.000000 	0.344000
    38 	0.442000 	0.119000 	0.104000 	0.000000 	0.335000
    39 	0.434000 	0.112000 	0.102000 	0.000000 	0.352000
    40 	0.428000 	0.107000 	0.105000 	0.000000 	0.360000
    41 	0.427000 	0.104000 	0.101000 	0.000000 	0.368000
    42 	0.430000 	0.116000 	0.096000 	0.000000 	0.358000
    43 	0.419000 	0.103000 	0.107000 	0.000000 	0.371000
    44 	0.406000 	0.122000 	0.099000 	0.000000 	0.373000
    45 	0.396000 	0.117000 	0.110000 	0.000000 	0.377000
    46 	0.402000 	0.117000 	0.117000 	0.000000 	0.364000
    47 	0.418000 	0.112000 	0.110000 	0.000000 	0.360000
    48 	0.410000 	0.108000 	0.095000 	0.000000 	0.387000
    49 	0.406000 	0.100000 	0.106000 	0.000000 	0.388000
    50 	0.401000 	0.120000 	0.116000 	0.000000 	0.363000
    51 	0.410000 	0.107000 	0.111000 	0.000000 	0.372000
    52 	0.413000 	0.115000 	0.104000 	0.000000 	0.368000
    53 	0.411000 	0.117000 	0.104000 	0.000000 	0.368000
    54 	0.416000 	0.101000 	0.106000 	0.000000 	0.377000
    55 	0.415000 	0.107000 	0.093000 	0.000000 	0.385000
    56 	0.410000 	0.113000 	0.100000 	0.000000 	0.377000
    57 	0.411000 	0.120000 	0.104000 	0.000000 	0.365000
    58 	0.411000 	0.114000 	0.113000 	0.000000 	0.362000
    59 	0.410000 	0.110000 	0.112000 	0.000000 	0.368000
    60 	0.413000 	0.117000 	0.099000 	0.000000 	0.371000
    61 	0.406000 	0.118000 	0.101000 	0.000000 	0.375000
    62 	0.427000 	0.109000 	0.107000 	0.000000 	0.357000
    63 	0.417000 	0.107000 	0.097000 	0.000000 	0.379000
    64 	0.418000 	0.114000 	0.102000 	0.000000 	0.366000
    65 	0.421000 	0.120000 	0.100000 	0.000000 	0.359000
    66 	0.420000 	0.118000 	0.103000 	0.000000 	0.359000
    67 	0.416000 	0.114000 	0.101000 	0.000000 	0.369000
    68 	0.409000 	0.108000 	0.109000 	0.000000 	0.374000
    69 	0.419000 	0.103000 	0.108000 	0.000000 	0.370000
    70 	0.419000 	0.108000 	0.108000 	0.000000 	0.365000
    71 	0.414000 	0.108000 	0.111000 	0.000000 	0.367000
    72 	0.417000 	0.119000 	0.099000 	0.000000 	0.365000
    73 	0.405000 	0.115000 	0.106000 	0.000000 	0.374000
    74 	0.410000 	0.114000 	0.104000 	0.000000 	0.372000
    75 	0.418000 	0.112000 	0.099000 	0.000000 	0.371000
    76 	0.402000 	0.112000 	0.102000 	0.000000 	0.384000
    77 	0.399000 	0.111000 	0.106000 	0.000000 	0.384000
    78 	0.405000 	0.100000 	0.101000 	0.000000 	0.394000
    79 	0.394000 	0.117000 	0.098000 	0.000000 	0.391000
    80 	0.389000 	0.118000 	0.105000 	0.000000 	0.388000
    81 	0.398000 	0.120000 	0.105000 	0.000000 	0.377000
    82 	0.398000 	0.125000 	0.110000 	0.000000 	0.367000
    83 	0.406000 	0.114000 	0.117000 	0.000000 	0.363000
    84 	0.407000 	0.122000 	0.107000 	0.000000 	0.364000
    85 	0.414000 	0.115000 	0.104000 	0.000000 	0.367000
    86 	0.399000 	0.115000 	0.109000 	0.000000 	0.377000
    87 	0.417000 	0.111000 	0.096000 	0.000000 	0.376000
    88 	0.403000 	0.115000 	0.108000 	0.000000 	0.374000
    89 	0.412000 	0.110000 	0.106000 	0.000000 	0.372000
    90 	0.416000 	0.112000 	0.099000 	0.000000 	0.373000
    91 	0.398000 	0.110000 	0.107000 	0.000000 	0.385000
    92 	0.397000 	0.113000 	0.106000 	0.000000 	0.384000
    93 	0.401000 	0.119000 	0.108000 	0.000000 	0.372000
    94 	0.405000 	0.111000 	0.107000 	0.000000 	0.377000
    95 	0.399000 	0.115000 	0.109000 	0.000000 	0.377000
    96 	0.406000 	0.124000 	0.107000 	0.000000 	0.363000
    97 	0.406000 	0.117000 	0.107000 	0.000000 	0.370000
    98 	0.406000 	0.112000 	0.098000 	0.000000 	0.384000
    99 	0.399000 	0.112000 	0.103000 	0.000000 	0.386000
   100 	0.409000 	0.110000 	0.093000 	0.000000 	0.388000
   101 	0.406000 	0.120000 	0.108000 	0.000000 	0.366000
   102 	0.416000 	0.121000 	0.120000 	0.000000 	0.343000
   103 	0.427000 	0.116000 	0.107000 	0.000000 	0.350000
   104 	0.423000 	0.127000 	0.110000 	0.000000 	0.340000
   105 	0.433000 	0.110000 	0.122000 	0.000000 	0.335000
   106 	0.449000 	0.105000 	0.100000 	0.000000 	0.346000
   107 	0.441000 	0.109000 	0.090000 	0.000000 	0.360000
   108 	0.428000 	0.107000 	0.099000 	0.000000 	0.366000
   109 	0.425000 	0.114000 	0.100000 	0.000000 	0.361000
   110 	0.410000 	0.119000 	0.110000 	0.000000 	0.361000
   111 	0.415000 	0.125000 	0.111000 	0.000000 	0.349000
   112 	0.411000 	0.112000 	0.114000 	0.000000 	0.363000
   113 	0.410000 	0.119000 	0.106000 	0.000000 	0.365000
   114 	0.399000 	0.124000 	0.107000 	0.000000 	0.370000
   115 	0.394000 	0.111000 	0.125000 	0.000000 	0.370000
   116 	0.408000 	0.104000 	0.112000 	0.000000 	0.376000
   117 	0.423000 	0.114000 	0.101000 	0.000000 	0.362000
   118 	0.416000 	0.108000 	0.105000 	0.000000 	0.371000
   119 	0.413000 	0.104000 	0.109000 	0.000000 	0.374000
   120 	0.416000 	0.118000 	0.102000 	0.000000 	0.364000
   121 	0.433000 	0.114000 	0.107000 	0.000000 	0.346000
   122 	0.425000 	0.110000 	0.109000 	0.000000 	0.356000
   123 	0.415000 	0.108000 	0.103000 	0.000000 	0.374000
   124 	0.408000 	0.119000 	0.099000 	0.000000 	0.374000
